Epoch		Train-loss		Test-loss		Train-IoU		Test-IoU		learningRate
1		0.9156		0.7341		0.2262		0.2659		0.00050000
2		0.6433		0.6164		0.2983		0.3202		0.00049850
3		0.5595		0.5604		0.3345		0.3407		0.00049700
4		0.5077		0.5088		0.3622		0.3683		0.00049550
5		0.4725		0.5874		0.3847		0.3454		0.00049400
6		0.4450		0.4717		0.4043		0.3903		0.00049249
7		0.4188		0.4343		0.4235		0.4024		0.00049099
8		0.4024		0.4394		0.4358		0.4163		0.00048949
9		0.3915		0.4249		0.4452		0.4220		0.00048798
10		0.3754		0.4448		0.4607		0.4128		0.00048648
11		0.3655		0.4200		0.4703		0.4551		0.00048497
12		0.3554		0.3853		0.4814		0.4607		0.00048347
13		0.3407		0.3583		0.4960		0.4776		0.00048196
14		0.3338		0.3760		0.5036		0.4790		0.00048046
15		0.3273		0.3499		0.5081		0.5091		0.00047895
16		0.3261		0.3599		0.5149		0.4785		0.00047744
17		0.3153		0.3381		0.5209		0.5043		0.00047593
18		0.3095		0.3527		0.5320		0.5133		0.00047443
19		0.3002		0.3261		0.5451		0.5138		0.00047292
20		0.2980		0.3351		0.5425		0.5081		0.00047141
21		0.2949		0.3213		0.5529		0.5253		0.00046990
22		0.2930		0.3510		0.5500		0.4849		0.00046839
23		0.2815		0.3267		0.5651		0.5248		0.00046688
24		0.2807		0.3423		0.5688		0.5138		0.00046536
25		0.2802		0.3106		0.5669		0.5415		0.00046385
26		0.2695		0.3013		0.5859		0.5455		0.00046234
27		0.2705		0.3261		0.5848		0.5384		0.00046083
28		0.2697		0.2977		0.5853		0.5605		0.00045931
29		0.2647		0.2973		0.5954		0.5481		0.00045780
30		0.2616		0.2920		0.5927		0.5515		0.00045628
31		0.2548		0.3019		0.6053		0.5427		0.00045477
32		0.2687		0.3021		0.5817		0.5412		0.00045325
33		0.2525		0.3079		0.6091		0.5522		0.00045173
34		0.2523		0.3093		0.6091		0.5496		0.00045022
35		0.2487		0.2917		0.6096		0.5546		0.00044870
36		0.2462		0.2994		0.6155		0.5567		0.00044718
37		0.2448		0.3154		0.6209		0.5463		0.00044566
38		0.2402		0.3974		0.6310		0.5063		0.00044414
39		0.2415		0.2837		0.6220		0.5779		0.00044262
40		0.2541		0.2790		0.6048		0.5644		0.00044110
41		0.2385		0.2908		0.6306		0.5458		0.00043958
42		0.2353		0.3053		0.6355		0.5552		0.00043806
43		0.2381		0.2924		0.6225		0.5604		0.00043653
44		0.2448		0.3396		0.6184		0.5435		0.00043501
45		0.2303		0.2776		0.6407		0.5704		0.00043349
46		0.2294		0.2949		0.6407		0.5568		0.00043196
47		0.2321		0.2853		0.6420		0.5740		0.00043044
48		0.2278		0.2866		0.6450		0.5712		0.00042891
49		0.2312		0.2690		0.6349		0.5814		0.00042739
50		0.2239		0.2770		0.6505		0.5858		0.00042586
51		0.2179		0.3160		0.6601		0.5546		0.00042433
52		0.2338		0.2761		0.6353		0.5957		0.00042281
53		0.2249		0.2754		0.6418		0.5705		0.00042128
54		0.2185		0.2700		0.6615		0.5730		0.00041975
55		0.2140		0.2625		0.6630		0.5958		0.00041822
56		0.2195		0.2619		0.6559		0.5981		0.00041669
57		0.2208		0.2756		0.6536		0.5715		0.00041516
58		0.2150		0.2793		0.6624		0.5905		0.00041362
59		0.2181		0.2756		0.6533		0.5844		0.00041209
60		0.2169		0.2563		0.6616		0.6136		0.00041056
61		0.2184		0.2816		0.6579		0.5808		0.00040903
62		0.2109		0.2503		0.6712		0.6194		0.00040749
63		0.2120		0.2697		0.6654		0.5800		0.00040596
64		0.2081		0.2787		0.6718		0.5734		0.00040442
65		0.2098		0.2481		0.6759		0.6030		0.00040289
66		0.2044		0.3022		0.6800		0.5597		0.00040135
67		0.2081		0.2669		0.6713		0.6093		0.00039981
68		0.2084		0.2439		0.6752		0.6381		0.00039827
69		0.2071		0.2771		0.6721		0.5807		0.00039673
70		0.2138		0.2510		0.6649		0.6205		0.00039520
71		0.2000		0.2510		0.6891		0.6115		0.00039366
72		0.2015		0.2330		0.6843		0.6439		0.00039211
73		0.1985		0.2421		0.6887		0.6308		0.00039057
74		0.2098		0.2650		0.6681		0.5993		0.00038903
75		0.2006		0.2718		0.6877		0.5881		0.00038749
76		0.2002		0.2396		0.6835		0.6325		0.00038594
77		0.1992		0.2465		0.6866		0.6194		0.00038440
78		0.1990		0.3023		0.6810		0.5641		0.00038286
79		0.2042		0.2531		0.6782		0.5959		0.00038131
80		0.1982		0.2662		0.6865		0.6038		0.00037976
81		0.1985		0.2754		0.6866		0.5810		0.00037822
82		0.1949		0.2411		0.6887		0.6206		0.00037667
83		0.2004		0.2630		0.6826		0.5990		0.00037512
84		0.1954		0.2650		0.6902		0.6128		0.00037357
85		0.1979		0.2992		0.6884		0.5953		0.00037202
86		0.1959		0.2451		0.6919		0.6279		0.00037047
87		0.1871		0.2579		0.7091		0.6190		0.00036892
88		0.1955		0.2469		0.6868		0.6344		0.00036737
89		0.1874		0.2401		0.7060		0.6334		0.00036582
90		0.1949		0.3108		0.6918		0.5270		0.00036426
91		0.1902		0.2486		0.6992		0.6166		0.00036271
92		0.1869		0.2661		0.7043		0.5985		0.00036115
93		0.1929		0.2415		0.6925		0.6338		0.00035960
94		0.1876		0.2410		0.7012		0.6271		0.00035804
95		0.1845		0.2681		0.7130		0.5978		0.00035649
96		0.1862		0.2341		0.7042		0.6311		0.00035493
97		0.1919		0.2401		0.6929		0.6235		0.00035337
98		0.1879		0.2415		0.7043		0.6145		0.00035181
99		0.1817		0.2282		0.7145		0.6465		0.00035025
100		0.1819		0.2750		0.7107		0.6020		0.00034869
101		0.1942		0.4125		0.6927		0.5164		0.00034713
102		0.1823		0.2328		0.7153		0.6498		0.00034556
103		0.1847		0.2307		0.7051		0.6463		0.00034400
104		0.1835		0.2437		0.7096		0.6292		0.00034244
105		0.1783		0.2473		0.7217		0.6253		0.00034087
106		0.1859		0.2338		0.6995		0.6527		0.00033931
107		0.1820		0.2482		0.7119		0.6235		0.00033774
108		0.1812		0.2715		0.7136		0.5985		0.00033617
109		0.1810		0.2284		0.7155		0.6558		0.00033460
110		0.1801		0.2648		0.7148		0.6124		0.00033304
111		0.1744		0.2446		0.7253		0.6327		0.00033147
112		0.1783		0.2609		0.7183		0.6230		0.00032990
113		0.1832		0.2274		0.7061		0.6602		0.00032832
114		0.1715		0.2301		0.7314		0.6477		0.00032675
115		0.2039		0.2442		0.6762		0.6216		0.00032518
116		0.1756		0.2290		0.7207		0.6586		0.00032361
117		0.1723		0.2304		0.7291		0.6586		0.00032203
118		0.1751		0.2326		0.7281		0.6424		0.00032045
119		0.1690		0.2371		0.7308		0.6414		0.00031888
120		0.1784		0.2400		0.7143		0.6233		0.00031730
121		0.1741		0.2818		0.7295		0.6100		0.00031572
122		0.1766		0.2438		0.7194		0.6157		0.00031414
123		0.1694		0.2451		0.7335		0.6413		0.00031256
124		0.1736		0.2233		0.7242		0.6699		0.00031098
125		0.1722		0.2550		0.7250		0.6191		0.00030940
126		0.1747		0.5212		0.7260		0.5849		0.00030782
127		0.1775		0.2260		0.7177		0.6425		0.00030624
128		0.1723		0.2263		0.7217		0.6692		0.00030465
129		0.1717		0.2190		0.7306		0.6739		0.00030307
130		0.1659		0.2500		0.7369		0.6123		0.00030148
131		0.1718		0.2274		0.7314		0.6581		0.00029989
132		0.1743		0.2383		0.7208		0.6466		0.00029830
133		0.1756		0.2263		0.7174		0.6624		0.00029671
134		0.1618		0.2532		0.7455		0.6259		0.00029512
135		0.1758		0.2467		0.7109		0.6372		0.00029353
136		0.1696		0.2282		0.7311		0.6619		0.00029194
137		0.1640		0.2159		0.7414		0.6565		0.00029035
138		0.1633		0.2203		0.7420		0.6662		0.00028876
139		0.1672		0.2235		0.7303		0.6535		0.00028716
140		0.1658		0.2518		0.7368		0.6433		0.00028556
141		0.1715		0.2356		0.7264		0.6582		0.00028397
142		0.1606		0.2319		0.7461		0.6536		0.00028237
143		0.1627		0.2274		0.7403		0.6515		0.00028077
144		0.1590		0.2489		0.7479		0.6194		0.00027917
145		0.1709		0.2278		0.7226		0.6507		0.00027757
146		0.1651		0.2305		0.7382		0.6591		0.00027597
147		0.1595		0.2250		0.7471		0.6751		0.00027437
148		0.1706		0.2366		0.7191		0.6463		0.00027276
149		0.1650		0.2197		0.7398		0.6726		0.00027116
150		0.1585		0.2195		0.7466		0.6734		0.00026955
151		0.1616		0.2338		0.7433		0.6490		0.00026794
152		0.1663		0.2186		0.7337		0.6763		0.00026634
153		0.1558		0.2194		0.7566		0.6677		0.00026473
154		0.1612		0.2313		0.7460		0.6642		0.00026312
155		0.1563		0.2259		0.7484		0.6650		0.00026150
156		0.1597		0.2439		0.7488		0.6241		0.00025989
157		0.1708		0.2288		0.7254		0.6518		0.00025828
158		0.1588		0.2337		0.7471		0.6413		0.00025666
159		0.1613		0.2136		0.7393		0.6797		0.00025505
160		0.1530		0.2158		0.7566		0.6823		0.00025343
161		0.1547		0.2231		0.7548		0.6612		0.00025181
162		0.1565		0.2501		0.7504		0.6361		0.00025019
163		0.1581		0.2268		0.7497		0.6698		0.00024857
164		0.1591		0.2159		0.7482		0.6814		0.00024695
165		0.1537		0.2463		0.7527		0.6356		0.00024533
166		0.1621		0.2193		0.7420		0.6757		0.00024370
167		0.1531		0.2389		0.7609		0.6455		0.00024208
168		0.1596		0.2230		0.7394		0.6589		0.00024045
169		0.1511		0.2303		0.7583		0.6607		0.00023882
170		0.1605		0.2140		0.7408		0.6831		0.00023719
171		0.1515		0.2482		0.7624		0.6348		0.00023556
172		0.1559		0.2970		0.7529		0.6163		0.00023393
173		0.1534		0.2215		0.7508		0.6786		0.00023230
174		0.1475		0.2240		0.7681		0.6481		0.00023067
175		0.1575		0.2728		0.7475		0.6060		0.00022903
176		0.1530		0.2372		0.7549		0.6628		0.00022739
177		0.1533		0.2455		0.7503		0.6184		0.00022576
178		0.1533		0.2267		0.7542		0.6731		0.00022412
179		0.1519		0.2397		0.7607		0.6620		0.00022248
180		0.1454		0.2182		0.7677		0.6753		0.00022083
181		0.1448		0.2362		0.7693		0.6547		0.00021919
182		0.1636		0.2392		0.7356		0.6341		0.00021755
183		0.1552		0.2148		0.7519		0.6755		0.00021590
184		0.1471		0.2242		0.7642		0.6685		0.00021425
185		0.1480		0.2342		0.7669		0.6374		0.00021260
186		0.1481		0.2200		0.7614		0.6583		0.00021095
187		0.1462		0.2231		0.7683		0.6687		0.00020930
188		0.1484		0.2173		0.7644		0.6816		0.00020765
189		0.1421		0.2136		0.7737		0.6747		0.00020600
190		0.1460		0.2279		0.7614		0.6678		0.00020434
191		0.1513		0.2535		0.7520		0.6321		0.00020268
192		0.1502		0.2175		0.7616		0.6814		0.00020102
193		0.1424		0.2162		0.7745		0.6776		0.00019936
194		0.1490		0.2229		0.7665		0.6747		0.00019770
195		0.1479		0.2210		0.7604		0.6777		0.00019604
196		0.1407		0.2171		0.7768		0.6786		0.00019437
197		0.1465		0.2141		0.7693		0.6818		0.00019270
198		0.1410		0.2210		0.7777		0.6797		0.00019104
199		0.1396		0.2289		0.7785		0.6723		0.00018937
200		0.1475		0.2181		0.7560		0.6696		0.00018769
201		0.1436		0.2307		0.7727		0.6699		0.00018602
202		0.1512		0.2239		0.7602		0.6702		0.00018435
203		0.1404		0.2226		0.7753		0.6770		0.00018267
204		0.1420		0.2177		0.7721		0.6787		0.00018099
205		0.1374		0.2111		0.7809		0.6834		0.00017931
206		0.1421		0.2249		0.7705		0.6643		0.00017763
207		0.1399		0.2225		0.7787		0.6886		0.00017594
208		0.1384		0.2277		0.7773		0.6738		0.00017426
209		0.1423		0.2173		0.7705		0.6814		0.00017257
210		0.1426		0.2058		0.7682		0.6893		0.00017088
211		0.1343		0.2107		0.7845		0.6986		0.00016919
212		0.1409		0.2289		0.7692		0.6681		0.00016750
213		0.1373		0.2170		0.7823		0.6756		0.00016580
214		0.1387		0.2217		0.7803		0.6781		0.00016411
215		0.1450		0.2202		0.7670		0.6842		0.00016241
216		0.1349		0.2134		0.7835		0.6894		0.00016071
217		0.1359		0.2110		0.7802		0.6905		0.00015901
218		0.1399		0.2175		0.7732		0.6701		0.00015730
219		0.1378		0.2230		0.7790		0.6731		0.00015559
220		0.1339		0.2369		0.7857		0.6632		0.00015389
221		0.1359		0.2152		0.7763		0.6888		0.00015217
222		0.1394		0.2288		0.7779		0.6694		0.00015046
223		0.1320		0.2110		0.7899		0.6882		0.00014875
224		0.1302		0.2176		0.7923		0.6830		0.00014703
225		0.1354		0.2524		0.7796		0.6459		0.00014531
226		0.1422		0.2121		0.7680		0.6910		0.00014359
227		0.1363		0.2349		0.7724		0.6368		0.00014186
228		0.1312		0.2184		0.7884		0.6937		0.00014014
229		0.1287		0.2175		0.7951		0.6877		0.00013841
230		0.1349		0.2239		0.7883		0.6770		0.00013668
231		0.1420		0.2117		0.7705		0.6966		0.00013494
232		0.1298		0.2166		0.7925		0.6946		0.00013321
233		0.1348		0.2159		0.7829		0.6846		0.00013147
234		0.1279		0.2177		0.7953		0.6963		0.00012973
235		0.1288		0.2299		0.7959		0.6779		0.00012798
236		0.1284		0.2189		0.7939		0.6872		0.00012624
237		0.1338		0.2110		0.7848		0.6976		0.00012449
238		0.1281		0.2123		0.7938		0.6921		0.00012273
239		0.1274		0.2134		0.7945		0.6998		0.00012098
240		0.1273		0.2162		0.7979		0.6860		0.00011922
241		0.1312		0.2118		0.7860		0.6914		0.00011746
242		0.1260		0.2140		0.7980		0.6942		0.00011570
243		0.1266		0.2146		0.7945		0.6863		0.00011393
244		0.1260		0.2125		0.7994		0.6983		0.00011216
245		0.1288		0.2158		0.7886		0.6905		0.00011039
246		0.1256		0.2048		0.8000		0.6985		0.00010861
247		0.1281		0.2184		0.7887		0.6903		0.00010684
248		0.1244		0.2158		0.8013		0.7013		0.00010505
249		0.1238		0.2173		0.7996		0.6999		0.00010327
250		0.1254		0.2179		0.7986		0.6748		0.00010148
251		0.1240		0.2109		0.7997		0.6990		0.00009969
252		0.1224		0.2163		0.8037		0.6972		0.00009789
253		0.1276		0.2225		0.7944		0.6721		0.00009609
254		0.1222		0.2233		0.8027		0.6932		0.00009429
255		0.1220		0.2145		0.8031		0.7039		0.00009248
256		0.1225		0.2171		0.8031		0.7052		0.00009067
257		0.1206		0.2231		0.8072		0.6751		0.00008885
258		0.1216		0.2338		0.8043		0.6589		0.00008703
259		0.1221		0.2166		0.8034		0.7031		0.00008521
260		0.1220		0.2133		0.8018		0.6981		0.00008338
261		0.1203		0.2124		0.8057		0.6920		0.00008155
262		0.1198		0.2291		0.8078		0.6877		0.00007971
263		0.1201		0.2176		0.8075		0.6897		0.00007787
264		0.1202		0.2124		0.8082		0.7055		0.00007602
265		0.1187		0.2118		0.8093		0.6911		0.00007417
266		0.1198		0.2110		0.8075		0.7035		0.00007231
267		0.1176		0.2157		0.8093		0.6985		0.00007045
268		0.1193		0.2162		0.8060		0.6925		0.00006858
269		0.1178		0.2192		0.8105		0.6982		0.00006671
270		0.1177		0.2135		0.8100		0.6936		0.00006483
271		0.1189		0.2138		0.8065		0.6999		0.00006295
272		0.1189		0.2086		0.8087		0.7017		0.00006105
273		0.1153		0.2114		0.8147		0.7052		0.00005916
274		0.1162		0.2124		0.8125		0.7032		0.00005725
275		0.1151		0.2160		0.8137		0.7002		0.00005534
276		0.1151		0.2120		0.8141		0.7077		0.00005342
277		0.1151		0.2151		0.8144		0.7059		0.00005149
278		0.1145		0.2126		0.8145		0.7034		0.00004956
279		0.1150		0.2143		0.8142		0.6974		0.00004761
280		0.1143		0.2131		0.8154		0.7050		0.00004566
281		0.1136		0.2180		0.8157		0.6988		0.00004370
282		0.1142		0.2132		0.8151		0.7021		0.00004173
283		0.1131		0.2178		0.8171		0.7032		0.00003975
284		0.1136		0.2186		0.8147		0.6985		0.00003775
285		0.1134		0.2167		0.8171		0.7068		0.00003575
286		0.1125		0.2205		0.8179		0.6898		0.00003373
287		0.1119		0.2144		0.8192		0.7025		0.00003170
288		0.1117		0.2130		0.8206		0.7031		0.00002966
289		0.1114		0.2121		0.8199		0.7043		0.00002759
290		0.1107		0.2128		0.8212		0.7127		0.00002552
291		0.1108		0.2099		0.8212		0.7071		0.00002342
292		0.1104		0.2157		0.8224		0.7044		0.00002130
293		0.1103		0.2211		0.8216		0.7027		0.00001916
294		0.1106		0.2162		0.8205		0.7021		0.00001699
295		0.1099		0.2129		0.8215		0.7099		0.00001479
296		0.1096		0.2109		0.8227		0.7105		0.00001255
297		0.1089		0.2146		0.8235		0.7005		0.00001027
298		0.1088		0.2093		0.8247		0.7111		0.00000792
299		0.1088		0.2142		0.8240		0.7056		0.00000550
300		0.1084		0.2134		0.8247		0.7105		0.00000295